,sabor,variedad,servicio,ambiente,precio,higiene,ubicación,1,2,3,4,5,name,average_rating,total_user_ratings
ChIJ_6PxIP_-0YURb-iv-Yq3gPM,"{'positive': 3, 'negative': 0}","{'positive': 0, 'negative': 0}","{'positive': 2, 'negative': 1}","{'positive': 0, 'negative': 0}","{'positive': 1, 'negative': 0}","{'positive': 1, 'negative': 0}","{'positive': 0, 'negative': 0}",0,1,6,19,35,La Cocina Tradicional Mexicana,4.5,104
ChIJ06Wq3J4BzoUREnZuxiDcPo8,"{'positive': 2, 'negative': 0}","{'positive': 0, 'negative': 0}","{'positive': 0, 'negative': 0}","{'positive': 1, 'negative': 0}","{'positive': 1, 'negative': 0}","{'positive': 0, 'negative': 0}","{'positive': 0, 'negative': 0}",0,1,2,4,29,Candelilla 16,4.6,73
ChIJ0-IjfKoDzoURrhSoInEmyrs,"{'positive': 3, 'negative': 0}","{'positive': 0, 'negative': 0}","{'positive': 0, 'negative': 0}","{'positive': 0, 'negative': 0}","{'positive': 0, 'negative': 0}","{'positive': 1, 'negative': 0}","{'positive': 0, 'negative': 0}",0,0,0,5,36,Antojitos Méxicanos Don Max,4.7,94
ChIJ0RedUVYCzoURQcJ0Bo5LJew,"{'positive': 3, 'negative': 0}","{'positive': 0, 'negative': 0}","{'positive': 0, 'negative': 0}","{'positive': 1, 'negative': 0}","{'positive': 1, 'negative': 0}","{'positive': 1, 'negative': 0}","{'positive': 0, 'negative': 0}",0,1,3,12,41,Rico Amanecer,4.6,108
ChIJ0Vr0QeUB0oURZfWZGMhVCpg,"{'positive': 5, 'negative': 0}","{'positive': 0, 'negative': 0}","{'positive': 0, 'negative': 0}","{'positive': 1, 'negative': 0}","{'positive': 0, 'negative': 0}","{'positive': 2, 'negative': 0}","{'positive': 0, 'negative': 0}",2,3,1,16,72,El Lago Restaurante,4.5,4939
ChIJ21LyB_f_0YURW_F1RfqWhiI,"{'positive': 7, 'negative': 0}","{'positive': 0, 'negative': 0}","{'positive': 3, 'negative': 2}","{'positive': 1, 'negative': 0}","{'positive': 2, 'negative': 2}","{'positive': 1, 'negative': 0}","{'positive': 0, 'negative': 0}",1,1,5,11,49,Guadiana,4.6,643
ChIJ2aMgewj_0YURpdcFaz8FMgs,"{'positive': 9, 'negative': 0}","{'positive': 0, 'negative': 0}","{'positive': 2, 'negative': 0}","{'positive': 0, 'negative': 0}","{'positive': 1, 'negative': 2}","{'positive': 1, 'negative': 0}","{'positive': 0, 'negative': 0}",1,3,5,19,65,Hanal K'U,4.5,484
ChIJ2bbY7Dv-0YURUiiWvISOsIM,"{'positive': 4, 'negative': 0}","{'positive': 0, 'negative': 0}","{'positive': 0, 'negative': 0}","{'positive': 0, 'negative': 0}","{'positive': 0, 'negative': 1}","{'positive': 2, 'negative': 0}","{'positive': 0, 'negative': 0}",7,3,8,16,61,Carnitas Don Rafa,4.3,856
ChIJ2YvzBf7_0YUR8sk-6mA9wG8,"{'positive': 2, 'negative': 0}","{'positive': 0, 'negative': 0}","{'positive': 2, 'negative': 0}","{'positive': 1, 'negative': 1}","{'positive': 0, 'negative': 0}","{'positive': 2, 'negative': 0}","{'positive': 0, 'negative': 0}",2,2,4,9,61,El Gnomo,4.6,2375
ChIJ3xty5nT_0YUR3YiY2g8h1b0,"{'positive': 10, 'negative': 0}","{'positive': 0, 'negative': 0}","{'positive': 3, 'negative': 2}","{'positive': 2, 'negative': 0}","{'positive': 1, 'negative': 2}","{'positive': 0, 'negative': 0}","{'positive': 0, 'negative': 0}",2,1,7,19,58,Las Polas del Valle,4.5,911
ChIJ48KvaD7_0YURhzmZCryLbSw,"{'positive': 2, 'negative': 0}","{'positive': 0, 'negative': 0}","{'positive': 0, 'negative': 0}","{'positive': 0, 'negative': 0}","{'positive': 2, 'negative': 4}","{'positive': 10, 'negative': 1}","{'positive': 0, 'negative': 0}",0,2,6,19,60,Mercado Medellín,4.3,10951
ChIJ4ftOXEH-zYUREp_SkJ49kVI,"{'positive': 2, 'negative': 2}","{'positive': 0, 'negative': 0}","{'positive': 0, 'negative': 0}","{'positive': 0, 'negative': 0}","{'positive': 0, 'negative': 0}","{'positive': 1, 'negative': 0}","{'positive': 0, 'negative': 0}",1,1,2,12,70,TORTAS AHOGADAS EL CHIFLADERO GDL,4.6,389
ChIJ6aAgy3740YURlAM6t3ylxuk,"{'positive': 3, 'negative': 0}","{'positive': 0, 'negative': 0}","{'positive': 3, 'negative': 1}","{'positive': 0, 'negative': 0}","{'positive': 2, 'negative': 1}","{'positive': 4, 'negative': 0}","{'positive': 0, 'negative': 0}",4,0,3,16,70,La Perla Tapatía Azcapotzalco,4.6,1345
ChIJ6QlgPHr40YURLu6gEG4Y5m0,"{'positive': 2, 'negative': 0}","{'positive': 0, 'negative': 0}","{'positive': 0, 'negative': 0}","{'positive': 2, 'negative': 0}","{'positive': 0, 'negative': 0}","{'positive': 0, 'negative': 0}","{'positive': 0, 'negative': 0}",1,2,2,5,46,"Las Klauyudas, tlayudas y antojitos oaxaqueños",4.6,87
ChIJ7w5HFPj_0YURHTyE1LwPB_c,"{'positive': 39, 'negative': 0}","{'positive': 0, 'negative': 0}","{'positive': 9, 'negative': 0}","{'positive': 3, 'negative': 0}","{'positive': 6, 'negative': 0}","{'positive': 9, 'negative': 0}","{'positive': 0, 'negative': 0}",3,0,3,30,291,Restaurante El Cardenal,4.7,7123
ChIJ7WAfwbv_0YURiSIZGMdRuto,"{'positive': 8, 'negative': 1}","{'positive': 0, 'negative': 0}","{'positive': 1, 'negative': 0}","{'positive': 0, 'negative': 0}","{'positive': 1, 'negative': 3}","{'positive': 4, 'negative': 0}","{'positive': 0, 'negative': 0}",4,2,9,16,84,Tlayudas el Tasajo,4.5,1146
ChIJ9fq-YdH-0YURa3zaK7Gz8lc,"{'positive': 11, 'negative': 0}","{'positive': 0, 'negative': 0}","{'positive': 5, 'negative': 1}","{'positive': 3, 'negative': 0}","{'positive': 4, 'negative': 1}","{'positive': 4, 'negative': 0}","{'positive': 0, 'negative': 0}",1,1,2,12,89,Zéfiro,4.7,301
ChIJa1lZNZ__0YURjDHz4gNWVQc,"{'positive': 4, 'negative': 0}","{'positive': 1, 'negative': 0}","{'positive': 3, 'negative': 2}","{'positive': 0, 'negative': 0}","{'positive': 0, 'negative': 10}","{'positive': 2, 'negative': 0}","{'positive': 0, 'negative': 1}",11,1,9,21,61,Hostal de Los Quesos,4.3,4090
ChIJASya8GX50YURN0r_0oVNXTU,"{'positive': 4, 'negative': 0}","{'positive': 0, 'negative': 0}","{'positive': 1, 'negative': 0}","{'positive': 2, 'negative': 0}","{'positive': 0, 'negative': 1}","{'positive': 1, 'negative': 0}","{'positive': 0, 'negative': 0}",0,0,4,8,47,Restaurante El Estanquillo El 32,4.7,113
ChIJBa69bJkC0oURgUnOYp0Jiuw,"{'positive': 5, 'negative': 1}","{'positive': 0, 'negative': 0}","{'positive': 1, 'negative': 1}","{'positive': 0, 'negative': 0}","{'positive': 0, 'negative': 1}","{'positive': 0, 'negative': 0}","{'positive': 0, 'negative': 0}",1,2,3,10,77,Barbacoa Renatos,4.7,209
ChIJBeL1vQj_0YURMcKqVViw2ok,"{'positive': 17, 'negative': 1}","{'positive': 0, 'negative': 1}","{'positive': 0, 'negative': 2}","{'positive': 2, 'negative': 0}","{'positive': 1, 'negative': 1}","{'positive': 0, 'negative': 0}","{'positive': 0, 'negative': 0}",8,4,7,13,81,Piloncillo y Cascabel,4.6,1204
ChIJbS0fR3740YUR9YaIL0WpqpU,"{'positive': 2, 'negative': 0}","{'positive': 0, 'negative': 0}","{'positive': 1, 'negative': 0}","{'positive': 0, 'negative': 1}","{'positive': 0, 'negative': 4}","{'positive': 1, 'negative': 0}","{'positive': 0, 'negative': 0}",2,3,2,13,23,Los Tacos De Pepe,4.6,73
ChIJbS8EZf8B0oURwwD8B0MpqK0,"{'positive': 3, 'negative': 0}","{'positive': 0, 'negative': 0}","{'positive': 2, 'negative': 0}","{'positive': 1, 'negative': 0}","{'positive': 0, 'negative': 1}","{'positive': 2, 'negative': 0}","{'positive': 0, 'negative': 0}",3,3,4,8,71,Quintonil,4.6,1332
ChIJCacXGY350YURPOvR1VMkAl0,"{'positive': 3, 'negative': 0}","{'positive': 0, 'negative': 0}","{'positive': 0, 'negative': 0}","{'positive': 1, 'negative': 0}","{'positive': 0, 'negative': 2}","{'positive': 1, 'negative': 0}","{'positive': 0, 'negative': 0}",2,0,4,8,74,Mexicano Masaryk,4.7,134
ChIJCb0mr30C0oURB9O4eiWffhc,"{'positive': 4, 'negative': 0}","{'positive': 0, 'negative': 0}","{'positive': 4, 'negative': 0}","{'positive': 1, 'negative': 0}","{'positive': 0, 'negative': 6}","{'positive': 6, 'negative': 0}","{'positive': 0, 'negative': 0}",3,1,6,18,58,Los Jarochos,4.5,2387
ChIJcXkqTmP_0YURgL7SkW2AGaY,"{'positive': 3, 'negative': 0}","{'positive': 0, 'negative': 0}","{'positive': 2, 'negative': 0}","{'positive': 1, 'negative': 0}","{'positive': 1, 'negative': 3}","{'positive': 1, 'negative': 0}","{'positive': 0, 'negative': 0}",0,1,2,17,67,Prendes,4.6,641
ChIJD08EXM340YURzuNh3vsiCYs,"{'positive': 2, 'negative': 0}","{'positive': 0, 'negative': 0}","{'positive': 2, 'negative': 0}","{'positive': 1, 'negative': 0}","{'positive': 0, 'negative': 5}","{'positive': 2, 'negative': 0}","{'positive': 0, 'negative': 0}",2,0,9,15,59,Cantina Cuchilleros,4.5,1215
ChIJeYLOZMT_0YURFEhp2ubb43c,"{'positive': 1, 'negative': 0}","{'positive': 0, 'negative': 0}","{'positive': 0, 'negative': 0}","{'positive': 0, 'negative': 0}","{'positive': 0, 'negative': 5}","{'positive': 6, 'negative': 1}","{'positive': 0, 'negative': 0}",1,1,5,15,53,Coyoacan Market,4.4,29111
ChIJF8Q-YKoDzoURlfezp6Xfjp0,"{'positive': 4, 'negative': 0}","{'positive': 0, 'negative': 0}","{'positive': 1, 'negative': 1}","{'positive': 4, 'negative': 0}","{'positive': 0, 'negative': 1}","{'positive': 5, 'negative': 1}","{'positive': 0, 'negative': 0}",3,1,4,20,61,Molinillo,4.5,164
ChIJfwECS90A0oURxk3EZ4msfs4,"{'positive': 6, 'negative': 0}","{'positive': 0, 'negative': 0}","{'positive': 3, 'negative': 1}","{'positive': 0, 'negative': 0}","{'positive': 1, 'negative': 1}","{'positive': 0, 'negative': 0}","{'positive': 0, 'negative': 0}",0,4,6,14,39,La Imperial Samara Santa Fe,4.5,705
ChIJgX7NHyQFzoURHKN3tanlLzY,"{'positive': 1, 'negative': 0}","{'positive': 0, 'negative': 0}","{'positive': 1, 'negative': 0}","{'positive': 0, 'negative': 0}","{'positive': 0, 'negative': 1}","{'positive': 2, 'negative': 0}","{'positive': 0, 'negative': 0}",1,0,5,16,50,Carnitas El Amigo Campos,4.4,304
ChIJgxgQ_Sz50YURoJpnpRhMn7o,"{'positive': 8, 'negative': 0}","{'positive': 0, 'negative': 0}","{'positive': 0, 'negative': 0}","{'positive': 2, 'negative': 0}","{'positive': 0, 'negative': 7}","{'positive': 0, 'negative': 0}","{'positive': 0, 'negative': 0}",1,2,6,23,79,Limosneros,4.6,1772
ChIJH6k-DVD50YURL6RiM5nEb_Y,"{'positive': 6, 'negative': 0}","{'positive': 0, 'negative': 0}","{'positive': 0, 'negative': 3}","{'positive': 0, 'negative': 0}","{'positive': 0, 'negative': 0}","{'positive': 0, 'negative': 2}","{'positive': 0, 'negative': 0}",0,1,4,16,48,Carnes Asadas Mi Rancho,4.5,125
ChIJHelenvj_zYUR7usHqmqB4tY,"{'positive': 10, 'negative': 0}","{'positive': 0, 'negative': 0}","{'positive': 2, 'negative': 1}","{'positive': 0, 'negative': 2}","{'positive': 0, 'negative': 3}","{'positive': 0, 'negative': 0}","{'positive': 0, 'negative': 0}",3,1,1,17,72,Los Arcos,4.6,2364
ChIJhX6jMpj50YUR3poUnV408b4,"{'positive': 14, 'negative': 0}","{'positive': 1, 'negative': 0}","{'positive': 0, 'negative': 0}","{'positive': 2, 'negative': 0}","{'positive': 0, 'negative': 4}","{'positive': 0, 'negative': 0}","{'positive': 0, 'negative': 0}",1,1,3,14,69,Monte Cristo,4.6,1625
ChIJHX88qk7-zYURadLbl5Wksko,"{'positive': 8, 'negative': 0}","{'positive': 0, 'negative': 0}","{'positive': 3, 'negative': 0}","{'positive': 1, 'negative': 0}","{'positive': 1, 'negative': 1}","{'positive': 2, 'negative': 0}","{'positive': 0, 'negative': 0}",0,1,3,17,64,Pozoleria Las Cazuelas,4.5,389
ChIJI86k6pv_0YURi0wZNJo8q1M,"{'positive': 2, 'negative': 1}","{'positive': 0, 'negative': 0}","{'positive': 1, 'negative': 1}","{'positive': 0, 'negative': 0}","{'positive': 0, 'negative': 0}","{'positive': 2, 'negative': 0}","{'positive': 0, 'negative': 0}",2,0,1,9,78,Quesadillas de doña Juanita,4.6,384
ChIJJ08y4CQH0oURDHmemy5Srno,"{'positive': 5, 'negative': 0}","{'positive': 0, 'negative': 0}","{'positive': 1, 'negative': 1}","{'positive': 0, 'negative': 0}","{'positive': 0, 'negative': 8}","{'positive': 0, 'negative': 1}","{'positive': 0, 'negative': 0}",6,7,12,20,44,Birria El Compadre (Restaurante-Bar),4.1,274
ChIJk0hhrEIAzoURalWFM4X3ssc,"{'positive': 17, 'negative': 0}","{'positive': 0, 'negative': 0}","{'positive': 3, 'negative': 3}","{'positive': 1, 'negative': 1}","{'positive': 0, 'negative': 3}","{'positive': 1, 'negative': 0}","{'positive': 0, 'negative': 0}",4,1,4,13,76,El Remolkito del Sirloin,4.7,1936
ChIJK8O1qTL50YURg1gtyCZBT2A,"{'positive': 10, 'negative': 0}","{'positive': 0, 'negative': 0}","{'positive': 0, 'negative': 0}","{'positive': 3, 'negative': 0}","{'positive': 1, 'negative': 4}","{'positive': 5, 'negative': 0}","{'positive': 0, 'negative': 0}",5,0,1,14,77,Mercaderes,4.6,2131
ChIJkakAt2j_0YUReRVJVRpH5N0,"{'positive': 0, 'negative': 0}","{'positive': 0, 'negative': 0}","{'positive': 0, 'negative': 0}","{'positive': 0, 'negative': 0}","{'positive': 0, 'negative': 6}","{'positive': 16, 'negative': 0}","{'positive': 0, 'negative': 0}",2,0,12,19,47,Escandon Market,4.2,4143
ChIJKeZYsvj40YURpXblgYsay4w,"{'positive': 20, 'negative': 1}","{'positive': 0, 'negative': 0}","{'positive': 1, 'negative': 0}","{'positive': 0, 'negative': 0}","{'positive': 0, 'negative': 3}","{'positive': 0, 'negative': 0}","{'positive': 0, 'negative': 0}",2,3,2,6,62,Las Delicias,4.7,286
ChIJkzWrrxX5zYURjohBBW22J98,"{'positive': 0, 'negative': 0}","{'positive': 0, 'negative': 0}","{'positive': 0, 'negative': 0}","{'positive': 0, 'negative': 0}","{'positive': 0, 'negative': 0}","{'positive': 0, 'negative': 0}","{'positive': 0, 'negative': 0}",0,0,0,1,4,El Antojito,4.8,9
ChIJL4C87Ez-0YURjLD2pDPWOSw,"{'positive': 9, 'negative': 0}","{'positive': 0, 'negative': 0}","{'positive': 2, 'negative': 1}","{'positive': 0, 'negative': 0}","{'positive': 1, 'negative': 1}","{'positive': 4, 'negative': 1}","{'positive': 0, 'negative': 0}",0,2,5,17,77,Huaraches los portales,4.6,969
ChIJL5oQ-JMC0oURZaf9wq4TjBg,"{'positive': 11, 'negative': 1}","{'positive': 0, 'negative': 0}","{'positive': 1, 'negative': 1}","{'positive': 0, 'negative': 0}","{'positive': 0, 'negative': 3}","{'positive': 0, 'negative': 0}","{'positive': 0, 'negative': 0}",2,1,9,14,62,El Rincón Gourmet,4.5,480
ChIJLUG4-p750YURr_H6VaVUHFg,"{'positive': 0, 'negative': 0}","{'positive': 0, 'negative': 0}","{'positive': 0, 'negative': 1}","{'positive': 0, 'negative': 0}","{'positive': 0, 'negative': 0}","{'positive': 0, 'negative': 0}","{'positive': 0, 'negative': 0}",1,1,2,6,22,Sahmich,4.6,54
ChIJM6YjeUH_0YUReQE4xzR17ZA,"{'positive': 9, 'negative': 0}","{'positive': 0, 'negative': 0}","{'positive': 6, 'negative': 0}","{'positive': 0, 'negative': 1}","{'positive': 0, 'negative': 9}","{'positive': 0, 'negative': 0}","{'positive': 0, 'negative': 0}",1,4,12,19,70,La Guerrerense,4.4,386
ChIJMctPPxkB0oURd5rSwaBHMvU,"{'positive': 6, 'negative': 0}","{'positive': 0, 'negative': 0}","{'positive': 2, 'negative': 0}","{'positive': 2, 'negative': 0}","{'positive': 0, 'negative': 3}","{'positive': 3, 'negative': 0}","{'positive': 0, 'negative': 0}",0,1,4,14,51,Costa Guadiana,4.6,248
ChIJmczdmnv_0YURugxxhJ5Td90,"{'positive': 3, 'negative': 0}","{'positive': 0, 'negative': 0}","{'positive': 1, 'negative': 0}","{'positive': 0, 'negative': 0}","{'positive': 0, 'negative': 4}","{'positive': 9, 'negative': 0}","{'positive': 0, 'negative': 0}",1,1,9,27,41,San Pedro de los Pinos Market,4.3,6813
ChIJmRyjRi350YUR5JZ-zfmpy6M,"{'positive': 4, 'negative': 0}","{'positive': 0, 'negative': 0}","{'positive': 0, 'negative': 1}","{'positive': 1, 'negative': 0}","{'positive': 0, 'negative': 4}","{'positive': 2, 'negative': 0}","{'positive': 0, 'negative': 0}",3,2,11,11,77,El Balcón del Zócalo,4.6,4014
ChIJMXv44Hn40YURLiHHccBCX1A,"{'positive': 3, 'negative': 0}","{'positive': 0, 'negative': 0}","{'positive': 0, 'negative': 0}","{'positive': 0, 'negative': 1}","{'positive': 0, 'negative': 1}","{'positive': 3, 'negative': 0}","{'positive': 0, 'negative': 0}",0,2,4,16,61,Mi Pueblo Nuevo,4.6,902
ChIJmZ2mGlACzoURlX59N2X8mXQ,"{'positive': 7, 'negative': 0}","{'positive': 0, 'negative': 0}","{'positive': 1, 'negative': 0}","{'positive': 6, 'negative': 0}","{'positive': 0, 'negative': 2}","{'positive': 3, 'negative': 0}","{'positive': 0, 'negative': 0}",3,0,5,11,60,EL Callejon De Los Abuelos,4.5,254
ChIJncEmrMMA0oURKh9kJqISKCY,"{'positive': 5, 'negative': 0}","{'positive': 0, 'negative': 0}","{'positive': 2, 'negative': 2}","{'positive': 0, 'negative': 0}","{'positive': 0, 'negative': 1}","{'positive': 1, 'negative': 0}","{'positive': 0, 'negative': 0}",3,1,0,13,51,Toro,4.6,258
ChIJnznjaPoCzoURUt3xWtMpatQ,"{'positive': 0, 'negative': 0}","{'positive': 0, 'negative': 0}","{'positive': 0, 'negative': 0}","{'positive': 0, 'negative': 0}","{'positive': 0, 'negative': 0}","{'positive': 1, 'negative': 0}","{'positive': 0, 'negative': 0}",1,1,0,1,21,Comedor Comunitario ''FLORES'' N.636,4.5,57
ChIJObz6-D0FzoUR3DltyAAnV4w,"{'positive': 0, 'negative': 0}","{'positive': 0, 'negative': 0}","{'positive': 0, 'negative': 0}","{'positive': 0, 'negative': 0}","{'positive': 0, 'negative': 1}","{'positive': 0, 'negative': 0}","{'positive': 0, 'negative': 0}",1,1,1,4,14,Pulques Artesanales Milpa Alta,4.5,51
ChIJoRh42vX40YUREHC4v1YNW3w,"{'positive': 0, 'negative': 0}","{'positive': 0, 'negative': 0}","{'positive': 0, 'negative': 2}","{'positive': 0, 'negative': 0}","{'positive': 0, 'negative': 0}","{'positive': 0, 'negative': 0}","{'positive': 0, 'negative': 0}",0,2,3,20,63,Gorditas michoacanas cano,4.5,179
ChIJOUt-Z_n40YURzpik35UGuS8,"{'positive': 5, 'negative': 0}","{'positive': 0, 'negative': 0}","{'positive': 2, 'negative': 0}","{'positive': 0, 'negative': 0}","{'positive': 1, 'negative': 0}","{'positive': 1, 'negative': 0}","{'positive': 0, 'negative': 0}",1,3,3,16,71,Cochinita Pibil Kooben,4.6,367
ChIJoWYxEDf_0YURKQ4yzO0cDPI,"{'positive': 2, 'negative': 0}","{'positive': 0, 'negative': 0}","{'positive': 2, 'negative': 0}","{'positive': 1, 'negative': 1}","{'positive': 1, 'negative': 0}","{'positive': 0, 'negative': 0}","{'positive': 0, 'negative': 0}",3,6,9,17,55,Bar Lepanto,4.3,1882
ChIJPTKIjkL_0YURxVHr3fClJVs,"{'positive': 0, 'negative': 0}","{'positive': 0, 'negative': 0}","{'positive': 0, 'negative': 0}","{'positive': 0, 'negative': 0}","{'positive': 0, 'negative': 0}","{'positive': 0, 'negative': 0}","{'positive': 0, 'negative': 0}",1,0,2,0,9,Tacos Richard,4.4,22
ChIJPVNOCAAC0oURSYtY8JP39VE,"{'positive': 14, 'negative': 0}","{'positive': 0, 'negative': 0}","{'positive': 8, 'negative': 2}","{'positive': 2, 'negative': 0}","{'positive': 2, 'negative': 2}","{'positive': 2, 'negative': 0}","{'positive': 0, 'negative': 0}",4,0,10,30,154,Porfirio's Masaryk | Restaurante de comida mexicana,4.5,3287
ChIJPZR8esX_0YURLn19i9XLfn4,"{'positive': 6, 'negative': 0}","{'positive': 0, 'negative': 0}","{'positive': 0, 'negative': 0}","{'positive': 1, 'negative': 0}","{'positive': 0, 'negative': 0}","{'positive': 0, 'negative': 0}","{'positive': 0, 'negative': 0}",0,0,0,2,35,El Olmo Azul,4.9,69
ChIJQ7PTnCQB0oUR3BM4Eyrbo_4,"{'positive': 14, 'negative': 0}","{'positive': 0, 'negative': 0}","{'positive': 1, 'negative': 1}","{'positive': 3, 'negative': 1}","{'positive': 3, 'negative': 1}","{'positive': 3, 'negative': 0}","{'positive': 0, 'negative': 0}",3,4,5,19,80,Alba Cocina Local,4.7,280
ChIJQwV_jIcC0oURJCEnuCkX9V8,"{'positive': 3, 'negative': 0}","{'positive': 0, 'negative': 0}","{'positive': 1, 'negative': 0}","{'positive': 0, 'negative': 0}","{'positive': 0, 'negative': 4}","{'positive': 1, 'negative': 0}","{'positive': 0, 'negative': 0}",2,2,4,17,77,Birria Alex Chacón,4.6,215
ChIJR0-0Sfj_zYUR8Vj7YHX3Hvs,"{'positive': 3, 'negative': 0}","{'positive': 0, 'negative': 0}","{'positive': 1, 'negative': 0}","{'positive': 1, 'negative': 0}","{'positive': 0, 'negative': 3}","{'positive': 0, 'negative': 0}","{'positive': 0, 'negative': 0}",2,3,5,18,68,LOS AMABLES,4.6,388
ChIJR6RG1pv_0YURmXE_3q0nhEE,"{'positive': 8, 'negative': 0}","{'positive': 0, 'negative': 0}","{'positive': 2, 'negative': 1}","{'positive': 0, 'negative': 0}","{'positive': 0, 'negative': 0}","{'positive': 2, 'negative': 0}","{'positive': 0, 'negative': 0}",2,0,4,12,88,Fonda 99.99,4.5,3518
ChIJR9WWFMP_0YURY2cMl0sNyyc,"{'positive': 14, 'negative': 0}","{'positive': 0, 'negative': 0}","{'positive': 1, 'negative': 5}","{'positive': 2, 'negative': 1}","{'positive': 0, 'negative': 1}","{'positive': 3, 'negative': 0}","{'positive': 0, 'negative': 0}",4,0,2,16,89,Amatista Tostadas,4.7,656
ChIJRbTWPoMCzoUR0Z1pr-oS_TI,"{'positive': 4, 'negative': 0}","{'positive': 0, 'negative': 0}","{'positive': 0, 'negative': 0}","{'positive': 0, 'negative': 0}","{'positive': 0, 'negative': 0}","{'positive': 0, 'negative': 0}","{'positive': 0, 'negative': 0}",0,0,0,9,16,La tía Juanita,4.5,58
ChIJrfdPdxP_0YUR1kIGyUDyoQU,"{'positive': 3, 'negative': 0}","{'positive': 0, 'negative': 0}","{'positive': 1, 'negative': 0}","{'positive': 0, 'negative': 0}","{'positive': 1, 'negative': 0}","{'positive': 1, 'negative': 0}","{'positive': 0, 'negative': 0}",1,0,1,5,28,La Jefa,4.8,51
ChIJrfTq9Tr_0YURAW5g2EXpLMY,"{'positive': 7, 'negative': 0}","{'positive': 0, 'negative': 0}","{'positive': 1, 'negative': 0}","{'positive': 1, 'negative': 0}","{'positive': 1, 'negative': 4}","{'positive': 2, 'negative': 0}","{'positive': 0, 'negative': 0}",3,3,4,19,59,99,4.6,887
ChIJrVoDKiv50YURHIyItBol2NY,"{'positive': 8, 'negative': 0}","{'positive': 0, 'negative': 0}","{'positive': 2, 'negative': 0}","{'positive': 3, 'negative': 0}","{'positive': 0, 'negative': 1}","{'positive': 3, 'negative': 0}","{'positive': 0, 'negative': 0}",1,1,2,19,86,Testal,4.5,1658
ChIJrXiQqKr_0YURQRyD-zBJQS0,"{'positive': 3, 'negative': 0}","{'positive': 0, 'negative': 0}","{'positive': 1, 'negative': 0}","{'positive': 0, 'negative': 0}","{'positive': 0, 'negative': 1}","{'positive': 1, 'negative': 0}","{'positive': 0, 'negative': 0}",1,1,1,7,35,EL POZOLE DE LA VECINA,4.6,96
ChIJrzFa3_8CzoURpd9RsgHkGRw,"{'positive': 3, 'negative': 0}","{'positive': 0, 'negative': 0}","{'positive': 5, 'negative': 0}","{'positive': 0, 'negative': 0}","{'positive': 1, 'negative': 0}","{'positive': 5, 'negative': 0}","{'positive': 0, 'negative': 0}",0,1,5,13,58,Taquería ''Los Taquitos'',4.5,764
ChIJs29OZZH40YUR73753MLhEnc,"{'positive': 17, 'negative': 0}","{'positive': 0, 'negative': 0}","{'positive': 0, 'negative': 3}","{'positive': 3, 'negative': 0}","{'positive': 0, 'negative': 1}","{'positive': 4, 'negative': 0}","{'positive': 0, 'negative': 0}",2,1,5,13,73,"Restaurante ""Mi Morenita""",4.6,277
ChIJs7qYCksA0oURhrtRb-GnQW8,"{'positive': 0, 'negative': 0}","{'positive': 0, 'negative': 0}","{'positive': 0, 'negative': 0}","{'positive': 0, 'negative': 0}","{'positive': 0, 'negative': 0}","{'positive': 1, 'negative': 0}","{'positive': 0, 'negative': 0}",0,1,1,3,13,"Comida Mexicana ""Las Cazuelitas""",4.7,35
ChIJsfag4kgA0oURO5aVp6M1iM4,"{'positive': 0, 'negative': 0}","{'positive': 0, 'negative': 0}","{'positive': 0, 'negative': 0}","{'positive': 0, 'negative': 0}","{'positive': 0, 'negative': 0}","{'positive': 0, 'negative': 0}","{'positive': 0, 'negative': 0}",0,0,0,0,11,La Casa del Abuelo (Desayunos),4.5,36
ChIJsZvloi8FzoURvgsTQPmUfEU,"{'positive': 3, 'negative': 0}","{'positive': 0, 'negative': 0}","{'positive': 1, 'negative': 0}","{'positive': 0, 'negative': 0}","{'positive': 0, 'negative': 0}","{'positive': 1, 'negative': 0}","{'positive': 0, 'negative': 0}",0,3,5,13,46,"Pozoleria ""Linda""",4.3,264
ChIJt2P2jEH_0YURBW7dpnjcxVs,"{'positive': 5, 'negative': 0}","{'positive': 0, 'negative': 0}","{'positive': 0, 'negative': 3}","{'positive': 2, 'negative': 0}","{'positive': 1, 'negative': 3}","{'positive': 2, 'negative': 0}","{'positive': 0, 'negative': 0}",4,1,9,13,69,La Capital,4.5,1515
ChIJTa0Y9J750YURNsH7jIE3eNo,"{'positive': 5, 'negative': 0}","{'positive': 0, 'negative': 0}","{'positive': 3, 'negative': 0}","{'positive': 0, 'negative': 0}","{'positive': 0, 'negative': 0}","{'positive': 3, 'negative': 1}","{'positive': 0, 'negative': 0}",4,2,6,17,59,Lonchería Don Pepe,4.5,453
ChIJtfhD_tT40YURj39iqrcd2ww,"{'positive': 12, 'negative': 0}","{'positive': 0, 'negative': 0}","{'positive': 2, 'negative': 1}","{'positive': 2, 'negative': 0}","{'positive': 0, 'negative': 2}","{'positive': 4, 'negative': 0}","{'positive': 0, 'negative': 0}",2,0,6,9,84,El Cardenal Alameda,4.7,5972
ChIJtx82pHb40YURdEVhuQNLHA4,"{'positive': 5, 'negative': 0}","{'positive': 0, 'negative': 0}","{'positive': 1, 'negative': 1}","{'positive': 1, 'negative': 0}","{'positive': 0, 'negative': 1}","{'positive': 1, 'negative': 0}","{'positive': 0, 'negative': 0}",2,0,8,19,63,Alberto's,4.5,954
ChIJtzpPhzT80YURfFBvdLz6AN8,"{'positive': 2, 'negative': 0}","{'positive': 0, 'negative': 0}","{'positive': 0, 'negative': 0}","{'positive': 0, 'negative': 0}","{'positive': 1, 'negative': 1}","{'positive': 1, 'negative': 0}","{'positive': 0, 'negative': 0}",0,0,1,9,22,ANTOJITOS MEXICANOS ADELA,4.6,61
ChIJu7IziDkH0oURrwsuybTpzKI,"{'positive': 2, 'negative': 0}","{'positive': 0, 'negative': 0}","{'positive': 0, 'negative': 0}","{'positive': 0, 'negative': 0}","{'positive': 0, 'negative': 0}","{'positive': 2, 'negative': 0}","{'positive': 0, 'negative': 0}",0,1,4,7,29,El Yute,4.6,78
ChIJufeRJhsA0oURihuMwEKs2Ao,"{'positive': 8, 'negative': 0}","{'positive': 1, 'negative': 0}","{'positive': 2, 'negative': 1}","{'positive': 2, 'negative': 0}","{'positive': 0, 'negative': 2}","{'positive': 3, 'negative': 0}","{'positive': 0, 'negative': 0}",0,2,6,13,76,San Ángel Inn,4.7,5941
ChIJV4LlAB0C0oURDAvCk8vRpeM,"{'positive': 6, 'negative': 0}","{'positive': 1, 'negative': 0}","{'positive': 3, 'negative': 1}","{'positive': 2, 'negative': 1}","{'positive': 1, 'negative': 2}","{'positive': 0, 'negative': 0}","{'positive': 0, 'negative': 0}",2,3,7,11,79,Guzina Oaxaca,4.5,987
ChIJv5KO8Uz-0YURvTUyYxZs3pw,"{'positive': 13, 'negative': 0}","{'positive': 0, 'negative': 0}","{'positive': 4, 'negative': 1}","{'positive': 1, 'negative': 0}","{'positive': 3, 'negative': 1}","{'positive': 3, 'negative': 0}","{'positive': 0, 'negative': 0}",2,3,0,25,83,Los Pumpos,4.5,764
ChIJvQLg2Ar50YUR_M-6l6qNvCU,"{'positive': 5, 'negative': 0}","{'positive': 0, 'negative': 0}","{'positive': 3, 'negative': 2}","{'positive': 1, 'negative': 0}","{'positive': 1, 'negative': 1}","{'positive': 2, 'negative': 0}","{'positive': 0, 'negative': 0}",2,2,6,23,52,El Itakate,4.5,326
ChIJVVVVFfn40YURQWN1neoikzg,"{'positive': 0, 'negative': 0}","{'positive': 0, 'negative': 0}","{'positive': 1, 'negative': 0}","{'positive': 1, 'negative': 0}","{'positive': 0, 'negative': 2}","{'positive': 3, 'negative': 0}","{'positive': 0, 'negative': 0}",0,0,2,7,25,Fonda Mexicana EL SAUCE,4.6,70
ChIJWZ2zdav40YURFvsU_rU3uaE,"{'positive': 7, 'negative': 1}","{'positive': 0, 'negative': 0}","{'positive': 0, 'negative': 1}","{'positive': 1, 'negative': 1}","{'positive': 0, 'negative': 1}","{'positive': 1, 'negative': 0}","{'positive': 0, 'negative': 0}",22,4,3,5,71,Pujol,4.6,3173
ChIJwZyJ2nP_0YURZqiqMcjc-T8,"{'positive': 8, 'negative': 0}","{'positive': 0, 'negative': 0}","{'positive': 1, 'negative': 3}","{'positive': 2, 'negative': 0}","{'positive': 1, 'negative': 1}","{'positive': 0, 'negative': 0}","{'positive': 0, 'negative': 0}",3,2,4,16,65,Palominos,4.5,1795
ChIJx_X5T2wC0oURftCaX08beck,"{'positive': 14, 'negative': 0}","{'positive': 0, 'negative': 0}","{'positive': 0, 'negative': 0}","{'positive': 1, 'negative': 0}","{'positive': 0, 'negative': 4}","{'positive': 2, 'negative': 0}","{'positive': 0, 'negative': 0}",1,0,5,15,62,Restaurante Tierra Linda,4.6,854
ChIJX5DIiy8FzoUR_r1rWfBAklM,"{'positive': 1, 'negative': 0}","{'positive': 0, 'negative': 0}","{'positive': 0, 'negative': 0}","{'positive': 2, 'negative': 0}","{'positive': 0, 'negative': 0}","{'positive': 4, 'negative': 0}","{'positive': 0, 'negative': 0}",4,2,2,17,28,EL ASADOR TAQUERIA,4.3,309
ChIJXa73W8r40YUR-d6mdFfIDVM,"{'positive': 9, 'negative': 0}","{'positive': 0, 'negative': 0}","{'positive': 3, 'negative': 6}","{'positive': 1, 'negative': 0}","{'positive': 1, 'negative': 1}","{'positive': 3, 'negative': 0}","{'positive': 0, 'negative': 0}",1,3,6,15,65,Rincón de mi Tierra,4.6,156
ChIJxaXnZgIC0oUR5kwVJF3F_X8,"{'positive': 6, 'negative': 0}","{'positive': 0, 'negative': 0}","{'positive': 1, 'negative': 0}","{'positive': 0, 'negative': 1}","{'positive': 1, 'negative': 7}","{'positive': 0, 'negative': 0}","{'positive': 0, 'negative': 0}",1,4,5,20,59,Dulce Patria,4.5,1418
ChIJxSUeddX-0YURNIFMA2OAD6I,"{'positive': 2, 'negative': 0}","{'positive': 0, 'negative': 0}","{'positive': 0, 'negative': 0}","{'positive': 0, 'negative': 0}","{'positive': 0, 'negative': 2}","{'positive': 2, 'negative': 1}","{'positive': 0, 'negative': 0}",1,1,6,17,64,Mercado de San Juan,4.5,10936
ChIJXxwZxdX-0YUROe0zLKkXHl4,"{'positive': 4, 'negative': 0}","{'positive': 0, 'negative': 0}","{'positive': 2, 'negative': 0}","{'positive': 0, 'negative': 0}","{'positive': 1, 'negative': 2}","{'positive': 2, 'negative': 0}","{'positive': 0, 'negative': 0}",0,1,6,20,86,Rica Pancita Anita,4.6,591
ChIJxycAjK7-0YUR1qZv-NWNDYM,"{'positive': 7, 'negative': 0}","{'positive': 0, 'negative': 0}","{'positive': 3, 'negative': 0}","{'positive': 0, 'negative': 0}","{'positive': 0, 'negative': 1}","{'positive': 3, 'negative': 0}","{'positive': 0, 'negative': 1}",1,1,2,19,60,Birria 3 Estrellas,4.5,649
ChIJXzNyxuz40YUR4TDe-9itIMk,"{'positive': 6, 'negative': 0}","{'positive': 0, 'negative': 0}","{'positive': 1, 'negative': 0}","{'positive': 0, 'negative': 0}","{'positive': 0, 'negative': 2}","{'positive': 3, 'negative': 1}","{'positive': 0, 'negative': 0}",1,5,5,14,72,Las Delicias De Jalisco,4.5,730
ChIJxZ-x2B4C0oURqYAbNDQ2gBs,"{'positive': 4, 'negative': 1}","{'positive': 0, 'negative': 0}","{'positive': 4, 'negative': 0}","{'positive': 1, 'negative': 0}","{'positive': 0, 'negative': 0}","{'positive': 2, 'negative': 0}","{'positive': 0, 'negative': 0}",2,1,1,12,56,La Hacienda de los Morales,4.6,11068
ChIJY0mNVTP50YURiWFsFQWDunk,"{'positive': 5, 'negative': 0}","{'positive': 0, 'negative': 0}","{'positive': 1, 'negative': 0}","{'positive': 0, 'negative': 0}","{'positive': 1, 'negative': 0}","{'positive': 0, 'negative': 0}","{'positive': 0, 'negative': 0}",0,0,0,4,30,Quereres,4.9,50
ChIJY0Y_A_8B0oURN4uHr150-YY,"{'positive': 12, 'negative': 0}","{'positive': 0, 'negative': 0}","{'positive': 4, 'negative': 0}","{'positive': 2, 'negative': 0}","{'positive': 0, 'negative': 5}","{'positive': 1, 'negative': 0}","{'positive': 0, 'negative': 0}",2,6,10,13,55,Chapulín,4.6,1012
ChIJYdJpGA7_0YURju1dQSjo_5Y,"{'positive': 8, 'negative': 0}","{'positive': 0, 'negative': 0}","{'positive': 0, 'negative': 0}","{'positive': 1, 'negative': 0}","{'positive': 1, 'negative': 5}","{'positive': 6, 'negative': 0}","{'positive': 0, 'negative': 0}",3,1,5,26,59,La Pizca Comida Mexicana & Gourmet,4.6,193
ChIJ-yom4w0C0oURl96HuBziepk,"{'positive': 11, 'negative': 0}","{'positive': 0, 'negative': 0}","{'positive': 3, 'negative': 0}","{'positive': 0, 'negative': 0}","{'positive': 0, 'negative': 2}","{'positive': 6, 'negative': 2}","{'positive': 0, 'negative': 0}",5,0,2,16,64,Huaraches 5 de Mayo,4.6,1194
ChIJ-Yp5kGf_zYURKrda1G5GMUQ,"{'positive': 8, 'negative': 0}","{'positive': 0, 'negative': 0}","{'positive': 1, 'negative': 0}","{'positive': 3, 'negative': 0}","{'positive': 0, 'negative': 1}","{'positive': 2, 'negative': 0}","{'positive': 0, 'negative': 0}",2,1,3,21,64,Sylvestre Artz,4.7,253
ChIJZ2lB4Mf-0YUR1xUYsitgvN8,"{'positive': 0, 'negative': 0}","{'positive': 0, 'negative': 0}","{'positive': 0, 'negative': 0}","{'positive': 0, 'negative': 0}","{'positive': 0, 'negative': 0}","{'positive': 0, 'negative': 0}","{'positive': 0, 'negative': 0}",4,5,8,22,41,Mercado de Sonora,4.2,56676
ChIJz9WtHqH50YURYyIo8N1otO8,"{'positive': 2, 'negative': 0}","{'positive': 0, 'negative': 0}","{'positive': 1, 'negative': 0}","{'positive': 0, 'negative': 0}","{'positive': 0, 'negative': 1}","{'positive': 1, 'negative': 0}","{'positive': 0, 'negative': 0}",0,1,2,4,25,Tortas El Volcan,4.6,57
ChIJZ-dNcTr_0YURvT79FclhNi0,"{'positive': 1, 'negative': 0}","{'positive': 0, 'negative': 0}","{'positive': 1, 'negative': 0}","{'positive': 0, 'negative': 0}","{'positive': 0, 'negative': 0}","{'positive': 0, 'negative': 0}","{'positive': 0, 'negative': 0}",1,1,2,3,34,Birria Estilo Jalisco - Food Stand,4.6,79
ChIJeaRXkh0A0oUR_h7STrE3yks,"{'positive': 7, 'negative': 0}","{'positive': 0, 'negative': 0}","{'positive': 4, 'negative': 1}","{'positive': 4, 'negative': 0}","{'positive': 0, 'negative': 0}","{'positive': 0, 'negative': 0}","{'positive': 0, 'negative': 0}",3,2,5,13,69,Las Enchiladas del Parque,4.5,278
ChIJlfF36c3_0YURhdxsSsOr4l4,"{'positive': 12, 'negative': 0}","{'positive': 0, 'negative': 0}","{'positive': 1, 'negative': 1}","{'positive': 0, 'negative': 0}","{'positive': 0, 'negative': 3}","{'positive': 0, 'negative': 0}","{'positive': 0, 'negative': 0}",3,2,10,13,62,"A darle, que es taco vegano",4.6,365
ChIJU67OTNv_0YURj-nw92FLYDc,"{'positive': 10, 'negative': 0}","{'positive': 0, 'negative': 0}","{'positive': 3, 'negative': 0}","{'positive': 0, 'negative': 0}","{'positive': 1, 'negative': 3}","{'positive': 1, 'negative': 0}","{'positive': 0, 'negative': 0}",0,1,5,15,69,Pepe Coyotes Coyoacán,4.5,4029
ChIJITgvvy__0YUR0fZG9xzbMO4,"{'positive': 9, 'negative': 0}","{'positive': 0, 'negative': 1}","{'positive': 1, 'negative': 0}","{'positive': 4, 'negative': 1}","{'positive': 3, 'negative': 1}","{'positive': 2, 'negative': 0}","{'positive': 0, 'negative': 0}",0,4,2,15,81,La Tecla,4.5,534
ChIJ0Z9P0z7_0YURVqrnz-OpFms,"{'positive': 2, 'negative': 0}","{'positive': 2, 'negative': 0}","{'positive': 0, 'negative': 0}","{'positive': 1, 'negative': 0}","{'positive': 0, 'negative': 1}","{'positive': 1, 'negative': 1}","{'positive': 0, 'negative': 0}",1,5,7,12,55,Mercado Roma,4.3,11317
ChIJY3GHMuT_0YURoETJ-mqSwEo,"{'positive': 1, 'negative': 0}","{'positive': 0, 'negative': 0}","{'positive': 1, 'negative': 1}","{'positive': 3, 'negative': 0}","{'positive': 1, 'negative': 3}","{'positive': 2, 'negative': 0}","{'positive': 0, 'negative': 0}",3,2,5,19,47,MercadoRoma Coyoacán,4.3,1988
ChIJRU2FLk__0YURikrh-RZMung,"{'positive': 10, 'negative': 2}","{'positive': 0, 'negative': 0}","{'positive': 4, 'negative': 0}","{'positive': 1, 'negative': 0}","{'positive': 1, 'negative': 2}","{'positive': 1, 'negative': 0}","{'positive': 0, 'negative': 0}",3,2,7,20,58,El Pialadero de Guadalajara,4.3,3171
La Cocina Tradicional Mexicana,"{'positive': 3, 'negative': 0}","{'positive': 0, 'negative': 0}","{'positive': 2, 'negative': 1}","{'positive': 0, 'negative': 0}","{'positive': 1, 'negative': 0}","{'positive': 1, 'negative': 0}","{'positive': 0, 'negative': 0}",0,1,6,19,35,La Cocina Tradicional Mexicana,4.5,104
Candelilla 16,"{'positive': 2, 'negative': 0}","{'positive': 0, 'negative': 0}","{'positive': 0, 'negative': 0}","{'positive': 1, 'negative': 0}","{'positive': 1, 'negative': 0}","{'positive': 0, 'negative': 0}","{'positive': 0, 'negative': 0}",0,1,2,4,29,Candelilla 16,4.6,73
Antojitos Méxicanos Don Max,"{'positive': 3, 'negative': 0}","{'positive': 0, 'negative': 0}","{'positive': 0, 'negative': 0}","{'positive': 0, 'negative': 0}","{'positive': 0, 'negative': 0}","{'positive': 1, 'negative': 0}","{'positive': 0, 'negative': 0}",0,0,0,5,36,Antojitos Méxicanos Don Max,4.7,94
Rico Amanecer,"{'positive': 3, 'negative': 0}","{'positive': 0, 'negative': 0}","{'positive': 0, 'negative': 0}","{'positive': 1, 'negative': 0}","{'positive': 1, 'negative': 0}","{'positive': 1, 'negative': 0}","{'positive': 0, 'negative': 0}",0,1,3,12,41,Rico Amanecer,4.6,108
El Lago Restaurante,"{'positive': 5, 'negative': 0}","{'positive': 0, 'negative': 0}","{'positive': 0, 'negative': 0}","{'positive': 1, 'negative': 0}","{'positive': 0, 'negative': 0}","{'positive': 2, 'negative': 0}","{'positive': 0, 'negative': 0}",2,3,1,16,72,El Lago Restaurante,4.5,4939
Guadiana,"{'positive': 7, 'negative': 0}","{'positive': 0, 'negative': 0}","{'positive': 3, 'negative': 2}","{'positive': 1, 'negative': 0}","{'positive': 2, 'negative': 2}","{'positive': 1, 'negative': 0}","{'positive': 0, 'negative': 0}",1,1,5,11,49,Guadiana,4.6,643
Hanal K'U,"{'positive': 9, 'negative': 0}","{'positive': 0, 'negative': 0}","{'positive': 2, 'negative': 0}","{'positive': 0, 'negative': 0}","{'positive': 1, 'negative': 2}","{'positive': 1, 'negative': 0}","{'positive': 0, 'negative': 0}",1,3,5,19,65,Hanal K'U,4.5,484
Carnitas Don Rafa,"{'positive': 4, 'negative': 0}","{'positive': 0, 'negative': 0}","{'positive': 0, 'negative': 0}","{'positive': 0, 'negative': 0}","{'positive': 0, 'negative': 1}","{'positive': 2, 'negative': 0}","{'positive': 0, 'negative': 0}",7,3,8,16,61,Carnitas Don Rafa,4.3,856
El Gnomo,"{'positive': 2, 'negative': 0}","{'positive': 0, 'negative': 0}","{'positive': 2, 'negative': 0}","{'positive': 1, 'negative': 1}","{'positive': 0, 'negative': 0}","{'positive': 2, 'negative': 0}","{'positive': 0, 'negative': 0}",2,2,4,9,61,El Gnomo,4.6,2375
Las Polas del Valle,"{'positive': 10, 'negative': 0}","{'positive': 0, 'negative': 0}","{'positive': 3, 'negative': 2}","{'positive': 2, 'negative': 0}","{'positive': 1, 'negative': 2}","{'positive': 0, 'negative': 0}","{'positive': 0, 'negative': 0}",2,1,7,19,58,Las Polas del Valle,4.5,911
Mercado Medellín,"{'positive': 2, 'negative': 0}","{'positive': 0, 'negative': 0}","{'positive': 0, 'negative': 0}","{'positive': 0, 'negative': 0}","{'positive': 2, 'negative': 4}","{'positive': 10, 'negative': 1}","{'positive': 0, 'negative': 0}",0,2,6,19,60,Mercado Medellín,4.3,10951
TORTAS AHOGADAS EL CHIFLADERO GDL,"{'positive': 2, 'negative': 2}","{'positive': 0, 'negative': 0}","{'positive': 0, 'negative': 0}","{'positive': 0, 'negative': 0}","{'positive': 0, 'negative': 0}","{'positive': 1, 'negative': 0}","{'positive': 0, 'negative': 0}",1,1,2,12,70,TORTAS AHOGADAS EL CHIFLADERO GDL,4.6,389
La Perla Tapatía Azcapotzalco,"{'positive': 3, 'negative': 0}","{'positive': 0, 'negative': 0}","{'positive': 3, 'negative': 1}","{'positive': 0, 'negative': 0}","{'positive': 2, 'negative': 1}","{'positive': 4, 'negative': 0}","{'positive': 0, 'negative': 0}",4,0,3,16,70,La Perla Tapatía Azcapotzalco,4.6,1345
"Las Klauyudas, tlayudas y antojitos oaxaqueños","{'positive': 2, 'negative': 0}","{'positive': 0, 'negative': 0}","{'positive': 0, 'negative': 0}","{'positive': 2, 'negative': 0}","{'positive': 0, 'negative': 0}","{'positive': 0, 'negative': 0}","{'positive': 0, 'negative': 0}",1,2,2,5,46,"Las Klauyudas, tlayudas y antojitos oaxaqueños",4.6,87
Restaurante El Cardenal,"{'positive': 39, 'negative': 0}","{'positive': 0, 'negative': 0}","{'positive': 9, 'negative': 0}","{'positive': 3, 'negative': 0}","{'positive': 6, 'negative': 0}","{'positive': 9, 'negative': 0}","{'positive': 0, 'negative': 0}",3,0,3,30,291,Restaurante El Cardenal,4.7,7123
Tlayudas el Tasajo,"{'positive': 8, 'negative': 1}","{'positive': 0, 'negative': 0}","{'positive': 1, 'negative': 0}","{'positive': 0, 'negative': 0}","{'positive': 1, 'negative': 3}","{'positive': 4, 'negative': 0}","{'positive': 0, 'negative': 0}",4,2,9,16,84,Tlayudas el Tasajo,4.5,1146
Zéfiro,"{'positive': 11, 'negative': 0}","{'positive': 0, 'negative': 0}","{'positive': 5, 'negative': 1}","{'positive': 3, 'negative': 0}","{'positive': 4, 'negative': 1}","{'positive': 4, 'negative': 0}","{'positive': 0, 'negative': 0}",1,1,2,12,89,Zéfiro,4.7,301
Hostal de Los Quesos,"{'positive': 4, 'negative': 0}","{'positive': 1, 'negative': 0}","{'positive': 3, 'negative': 2}","{'positive': 0, 'negative': 0}","{'positive': 0, 'negative': 10}","{'positive': 2, 'negative': 0}","{'positive': 0, 'negative': 1}",11,1,9,21,61,Hostal de Los Quesos,4.3,4090
Restaurante El Estanquillo El 32,"{'positive': 4, 'negative': 0}","{'positive': 0, 'negative': 0}","{'positive': 1, 'negative': 0}","{'positive': 2, 'negative': 0}","{'positive': 0, 'negative': 1}","{'positive': 1, 'negative': 0}","{'positive': 0, 'negative': 0}",0,0,4,8,47,Restaurante El Estanquillo El 32,4.7,113
Barbacoa Renatos,"{'positive': 5, 'negative': 1}","{'positive': 0, 'negative': 0}","{'positive': 1, 'negative': 1}","{'positive': 0, 'negative': 0}","{'positive': 0, 'negative': 1}","{'positive': 0, 'negative': 0}","{'positive': 0, 'negative': 0}",1,2,3,10,77,Barbacoa Renatos,4.7,209
Piloncillo y Cascabel,"{'positive': 17, 'negative': 1}","{'positive': 0, 'negative': 1}","{'positive': 0, 'negative': 2}","{'positive': 2, 'negative': 0}","{'positive': 1, 'negative': 1}","{'positive': 0, 'negative': 0}","{'positive': 0, 'negative': 0}",8,4,7,13,81,Piloncillo y Cascabel,4.6,1204
Los Tacos De Pepe,"{'positive': 2, 'negative': 0}","{'positive': 0, 'negative': 0}","{'positive': 1, 'negative': 0}","{'positive': 0, 'negative': 1}","{'positive': 0, 'negative': 4}","{'positive': 1, 'negative': 0}","{'positive': 0, 'negative': 0}",2,3,2,13,23,Los Tacos De Pepe,4.6,73
Quintonil,"{'positive': 3, 'negative': 0}","{'positive': 0, 'negative': 0}","{'positive': 2, 'negative': 0}","{'positive': 1, 'negative': 0}","{'positive': 0, 'negative': 1}","{'positive': 2, 'negative': 0}","{'positive': 0, 'negative': 0}",3,3,4,8,71,Quintonil,4.6,1332
Mexicano Masaryk,"{'positive': 3, 'negative': 0}","{'positive': 0, 'negative': 0}","{'positive': 0, 'negative': 0}","{'positive': 1, 'negative': 0}","{'positive': 0, 'negative': 2}","{'positive': 1, 'negative': 0}","{'positive': 0, 'negative': 0}",2,0,4,8,74,Mexicano Masaryk,4.7,134
Los Jarochos,"{'positive': 4, 'negative': 0}","{'positive': 0, 'negative': 0}","{'positive': 4, 'negative': 0}","{'positive': 1, 'negative': 0}","{'positive': 0, 'negative': 6}","{'positive': 6, 'negative': 0}","{'positive': 0, 'negative': 0}",3,1,6,18,58,Los Jarochos,4.5,2387
Prendes,"{'positive': 3, 'negative': 0}","{'positive': 0, 'negative': 0}","{'positive': 2, 'negative': 0}","{'positive': 1, 'negative': 0}","{'positive': 1, 'negative': 3}","{'positive': 1, 'negative': 0}","{'positive': 0, 'negative': 0}",0,1,2,17,67,Prendes,4.6,641
Cantina Cuchilleros,"{'positive': 2, 'negative': 0}","{'positive': 0, 'negative': 0}","{'positive': 2, 'negative': 0}","{'positive': 1, 'negative': 0}","{'positive': 0, 'negative': 5}","{'positive': 2, 'negative': 0}","{'positive': 0, 'negative': 0}",2,0,9,15,59,Cantina Cuchilleros,4.5,1215
Coyoacan Market,"{'positive': 1, 'negative': 0}","{'positive': 0, 'negative': 0}","{'positive': 0, 'negative': 0}","{'positive': 0, 'negative': 0}","{'positive': 0, 'negative': 5}","{'positive': 6, 'negative': 1}","{'positive': 0, 'negative': 0}",1,1,5,15,53,Coyoacan Market,4.4,29111
Molinillo,"{'positive': 4, 'negative': 0}","{'positive': 0, 'negative': 0}","{'positive': 1, 'negative': 1}","{'positive': 4, 'negative': 0}","{'positive': 0, 'negative': 1}","{'positive': 5, 'negative': 1}","{'positive': 0, 'negative': 0}",3,1,4,20,61,Molinillo,4.5,164
La Imperial Samara Santa Fe,"{'positive': 6, 'negative': 0}","{'positive': 0, 'negative': 0}","{'positive': 3, 'negative': 1}","{'positive': 0, 'negative': 0}","{'positive': 1, 'negative': 1}","{'positive': 0, 'negative': 0}","{'positive': 0, 'negative': 0}",0,4,6,14,39,La Imperial Samara Santa Fe,4.5,705
Carnitas El Amigo Campos,"{'positive': 1, 'negative': 0}","{'positive': 0, 'negative': 0}","{'positive': 1, 'negative': 0}","{'positive': 0, 'negative': 0}","{'positive': 0, 'negative': 1}","{'positive': 2, 'negative': 0}","{'positive': 0, 'negative': 0}",1,0,5,16,50,Carnitas El Amigo Campos,4.4,304
Limosneros,"{'positive': 8, 'negative': 0}","{'positive': 0, 'negative': 0}","{'positive': 0, 'negative': 0}","{'positive': 2, 'negative': 0}","{'positive': 0, 'negative': 7}","{'positive': 0, 'negative': 0}","{'positive': 0, 'negative': 0}",1,2,6,23,79,Limosneros,4.6,1772
Carnes Asadas Mi Rancho,"{'positive': 6, 'negative': 0}","{'positive': 0, 'negative': 0}","{'positive': 0, 'negative': 3}","{'positive': 0, 'negative': 0}","{'positive': 0, 'negative': 0}","{'positive': 0, 'negative': 2}","{'positive': 0, 'negative': 0}",0,1,4,16,48,Carnes Asadas Mi Rancho,4.5,125
Los Arcos,"{'positive': 10, 'negative': 0}","{'positive': 0, 'negative': 0}","{'positive': 2, 'negative': 1}","{'positive': 0, 'negative': 2}","{'positive': 0, 'negative': 3}","{'positive': 0, 'negative': 0}","{'positive': 0, 'negative': 0}",3,1,1,17,72,Los Arcos,4.6,2364
Monte Cristo,"{'positive': 14, 'negative': 0}","{'positive': 1, 'negative': 0}","{'positive': 0, 'negative': 0}","{'positive': 2, 'negative': 0}","{'positive': 0, 'negative': 4}","{'positive': 0, 'negative': 0}","{'positive': 0, 'negative': 0}",1,1,3,14,69,Monte Cristo,4.6,1625
Pozoleria Las Cazuelas,"{'positive': 8, 'negative': 0}","{'positive': 0, 'negative': 0}","{'positive': 3, 'negative': 0}","{'positive': 1, 'negative': 0}","{'positive': 1, 'negative': 1}","{'positive': 2, 'negative': 0}","{'positive': 0, 'negative': 0}",0,1,3,17,64,Pozoleria Las Cazuelas,4.5,389
Quesadillas de doña Juanita,"{'positive': 2, 'negative': 1}","{'positive': 0, 'negative': 0}","{'positive': 1, 'negative': 1}","{'positive': 0, 'negative': 0}","{'positive': 0, 'negative': 0}","{'positive': 2, 'negative': 0}","{'positive': 0, 'negative': 0}",2,0,1,9,78,Quesadillas de doña Juanita,4.6,384
Birria El Compadre (Restaurante-Bar),"{'positive': 5, 'negative': 0}","{'positive': 0, 'negative': 0}","{'positive': 1, 'negative': 1}","{'positive': 0, 'negative': 0}","{'positive': 0, 'negative': 8}","{'positive': 0, 'negative': 1}","{'positive': 0, 'negative': 0}",6,7,12,20,44,Birria El Compadre (Restaurante-Bar),4.1,274
El Remolkito del Sirloin,"{'positive': 17, 'negative': 0}","{'positive': 0, 'negative': 0}","{'positive': 3, 'negative': 3}","{'positive': 1, 'negative': 1}","{'positive': 0, 'negative': 3}","{'positive': 1, 'negative': 0}","{'positive': 0, 'negative': 0}",4,1,4,13,76,El Remolkito del Sirloin,4.7,1936
Mercaderes,"{'positive': 10, 'negative': 0}","{'positive': 0, 'negative': 0}","{'positive': 0, 'negative': 0}","{'positive': 3, 'negative': 0}","{'positive': 1, 'negative': 4}","{'positive': 5, 'negative': 0}","{'positive': 0, 'negative': 0}",5,0,1,14,77,Mercaderes,4.6,2131
Escandon Market,"{'positive': 0, 'negative': 0}","{'positive': 0, 'negative': 0}","{'positive': 0, 'negative': 0}","{'positive': 0, 'negative': 0}","{'positive': 0, 'negative': 6}","{'positive': 16, 'negative': 0}","{'positive': 0, 'negative': 0}",2,0,12,19,47,Escandon Market,4.2,4143
Las Delicias,"{'positive': 20, 'negative': 1}","{'positive': 0, 'negative': 0}","{'positive': 1, 'negative': 0}","{'positive': 0, 'negative': 0}","{'positive': 0, 'negative': 3}","{'positive': 0, 'negative': 0}","{'positive': 0, 'negative': 0}",2,3,2,6,62,Las Delicias,4.7,286
El Antojito,"{'positive': 0, 'negative': 0}","{'positive': 0, 'negative': 0}","{'positive': 0, 'negative': 0}","{'positive': 0, 'negative': 0}","{'positive': 0, 'negative': 0}","{'positive': 0, 'negative': 0}","{'positive': 0, 'negative': 0}",0,0,0,1,4,El Antojito,4.8,9
Huaraches los portales,"{'positive': 9, 'negative': 0}","{'positive': 0, 'negative': 0}","{'positive': 2, 'negative': 1}","{'positive': 0, 'negative': 0}","{'positive': 1, 'negative': 1}","{'positive': 4, 'negative': 1}","{'positive': 0, 'negative': 0}",0,2,5,17,77,Huaraches los portales,4.6,969
El Rincón Gourmet,"{'positive': 11, 'negative': 1}","{'positive': 0, 'negative': 0}","{'positive': 1, 'negative': 1}","{'positive': 0, 'negative': 0}","{'positive': 0, 'negative': 3}","{'positive': 0, 'negative': 0}","{'positive': 0, 'negative': 0}",2,1,9,14,62,El Rincón Gourmet,4.5,480
Sahmich,"{'positive': 0, 'negative': 0}","{'positive': 0, 'negative': 0}","{'positive': 0, 'negative': 1}","{'positive': 0, 'negative': 0}","{'positive': 0, 'negative': 0}","{'positive': 0, 'negative': 0}","{'positive': 0, 'negative': 0}",1,1,2,6,22,Sahmich,4.6,54
La Guerrerense,"{'positive': 9, 'negative': 0}","{'positive': 0, 'negative': 0}","{'positive': 6, 'negative': 0}","{'positive': 0, 'negative': 1}","{'positive': 0, 'negative': 9}","{'positive': 0, 'negative': 0}","{'positive': 0, 'negative': 0}",1,4,12,19,70,La Guerrerense,4.4,386
Costa Guadiana,"{'positive': 6, 'negative': 0}","{'positive': 0, 'negative': 0}","{'positive': 2, 'negative': 0}","{'positive': 2, 'negative': 0}","{'positive': 0, 'negative': 3}","{'positive': 3, 'negative': 0}","{'positive': 0, 'negative': 0}",0,1,4,14,51,Costa Guadiana,4.6,248
San Pedro de los Pinos Market,"{'positive': 3, 'negative': 0}","{'positive': 0, 'negative': 0}","{'positive': 1, 'negative': 0}","{'positive': 0, 'negative': 0}","{'positive': 0, 'negative': 4}","{'positive': 9, 'negative': 0}","{'positive': 0, 'negative': 0}",1,1,9,27,41,San Pedro de los Pinos Market,4.3,6813
El Balcón del Zócalo,"{'positive': 4, 'negative': 0}","{'positive': 0, 'negative': 0}","{'positive': 0, 'negative': 1}","{'positive': 1, 'negative': 0}","{'positive': 0, 'negative': 4}","{'positive': 2, 'negative': 0}","{'positive': 0, 'negative': 0}",3,2,11,11,77,El Balcón del Zócalo,4.6,4014
Mi Pueblo Nuevo,"{'positive': 3, 'negative': 0}","{'positive': 0, 'negative': 0}","{'positive': 0, 'negative': 0}","{'positive': 0, 'negative': 1}","{'positive': 0, 'negative': 1}","{'positive': 3, 'negative': 0}","{'positive': 0, 'negative': 0}",0,2,4,16,61,Mi Pueblo Nuevo,4.6,902
EL Callejon De Los Abuelos,"{'positive': 7, 'negative': 0}","{'positive': 0, 'negative': 0}","{'positive': 1, 'negative': 0}","{'positive': 6, 'negative': 0}","{'positive': 0, 'negative': 2}","{'positive': 3, 'negative': 0}","{'positive': 0, 'negative': 0}",3,0,5,11,60,EL Callejon De Los Abuelos,4.5,254
Toro,"{'positive': 5, 'negative': 0}","{'positive': 0, 'negative': 0}","{'positive': 2, 'negative': 2}","{'positive': 0, 'negative': 0}","{'positive': 0, 'negative': 1}","{'positive': 1, 'negative': 0}","{'positive': 0, 'negative': 0}",3,1,0,13,51,Toro,4.6,258
Comedor Comunitario ''FLORES'' N.636,"{'positive': 0, 'negative': 0}","{'positive': 0, 'negative': 0}","{'positive': 0, 'negative': 0}","{'positive': 0, 'negative': 0}","{'positive': 0, 'negative': 0}","{'positive': 1, 'negative': 0}","{'positive': 0, 'negative': 0}",1,1,0,1,21,Comedor Comunitario ''FLORES'' N.636,4.5,57
Pulques Artesanales Milpa Alta,"{'positive': 0, 'negative': 0}","{'positive': 0, 'negative': 0}","{'positive': 0, 'negative': 0}","{'positive': 0, 'negative': 0}","{'positive': 0, 'negative': 1}","{'positive': 0, 'negative': 0}","{'positive': 0, 'negative': 0}",1,1,1,4,14,Pulques Artesanales Milpa Alta,4.5,51
Gorditas michoacanas cano,"{'positive': 0, 'negative': 0}","{'positive': 0, 'negative': 0}","{'positive': 0, 'negative': 2}","{'positive': 0, 'negative': 0}","{'positive': 0, 'negative': 0}","{'positive': 0, 'negative': 0}","{'positive': 0, 'negative': 0}",0,2,3,20,63,Gorditas michoacanas cano,4.5,179
Cochinita Pibil Kooben,"{'positive': 5, 'negative': 0}","{'positive': 0, 'negative': 0}","{'positive': 2, 'negative': 0}","{'positive': 0, 'negative': 0}","{'positive': 1, 'negative': 0}","{'positive': 1, 'negative': 0}","{'positive': 0, 'negative': 0}",1,3,3,16,71,Cochinita Pibil Kooben,4.6,367
Bar Lepanto,"{'positive': 2, 'negative': 0}","{'positive': 0, 'negative': 0}","{'positive': 2, 'negative': 0}","{'positive': 1, 'negative': 1}","{'positive': 1, 'negative': 0}","{'positive': 0, 'negative': 0}","{'positive': 0, 'negative': 0}",3,6,9,17,55,Bar Lepanto,4.3,1882
Tacos Richard,"{'positive': 0, 'negative': 0}","{'positive': 0, 'negative': 0}","{'positive': 0, 'negative': 0}","{'positive': 0, 'negative': 0}","{'positive': 0, 'negative': 0}","{'positive': 0, 'negative': 0}","{'positive': 0, 'negative': 0}",1,0,2,0,9,Tacos Richard,4.4,22
Porfirio's Masaryk | Restaurante de comida mexicana,"{'positive': 14, 'negative': 0}","{'positive': 0, 'negative': 0}","{'positive': 8, 'negative': 2}","{'positive': 2, 'negative': 0}","{'positive': 2, 'negative': 2}","{'positive': 2, 'negative': 0}","{'positive': 0, 'negative': 0}",4,0,10,30,154,Porfirio's Masaryk | Restaurante de comida mexicana,4.5,3287
El Olmo Azul,"{'positive': 6, 'negative': 0}","{'positive': 0, 'negative': 0}","{'positive': 0, 'negative': 0}","{'positive': 1, 'negative': 0}","{'positive': 0, 'negative': 0}","{'positive': 0, 'negative': 0}","{'positive': 0, 'negative': 0}",0,0,0,2,35,El Olmo Azul,4.9,69
Alba Cocina Local,"{'positive': 14, 'negative': 0}","{'positive': 0, 'negative': 0}","{'positive': 1, 'negative': 1}","{'positive': 3, 'negative': 1}","{'positive': 3, 'negative': 1}","{'positive': 3, 'negative': 0}","{'positive': 0, 'negative': 0}",3,4,5,19,80,Alba Cocina Local,4.7,280
Birria Alex Chacón,"{'positive': 3, 'negative': 0}","{'positive': 0, 'negative': 0}","{'positive': 1, 'negative': 0}","{'positive': 0, 'negative': 0}","{'positive': 0, 'negative': 4}","{'positive': 1, 'negative': 0}","{'positive': 0, 'negative': 0}",2,2,4,17,77,Birria Alex Chacón,4.6,215
LOS AMABLES,"{'positive': 3, 'negative': 0}","{'positive': 0, 'negative': 0}","{'positive': 1, 'negative': 0}","{'positive': 1, 'negative': 0}","{'positive': 0, 'negative': 3}","{'positive': 0, 'negative': 0}","{'positive': 0, 'negative': 0}",2,3,5,18,68,LOS AMABLES,4.6,388
Fonda 99.99,"{'positive': 8, 'negative': 0}","{'positive': 0, 'negative': 0}","{'positive': 2, 'negative': 1}","{'positive': 0, 'negative': 0}","{'positive': 0, 'negative': 0}","{'positive': 2, 'negative': 0}","{'positive': 0, 'negative': 0}",2,0,4,12,88,Fonda 99.99,4.5,3518
Amatista Tostadas,"{'positive': 14, 'negative': 0}","{'positive': 0, 'negative': 0}","{'positive': 1, 'negative': 5}","{'positive': 2, 'negative': 1}","{'positive': 0, 'negative': 1}","{'positive': 3, 'negative': 0}","{'positive': 0, 'negative': 0}",4,0,2,16,89,Amatista Tostadas,4.7,656
La tía Juanita,"{'positive': 4, 'negative': 0}","{'positive': 0, 'negative': 0}","{'positive': 0, 'negative': 0}","{'positive': 0, 'negative': 0}","{'positive': 0, 'negative': 0}","{'positive': 0, 'negative': 0}","{'positive': 0, 'negative': 0}",0,0,0,9,16,La tía Juanita,4.5,58
La Jefa,"{'positive': 3, 'negative': 0}","{'positive': 0, 'negative': 0}","{'positive': 1, 'negative': 0}","{'positive': 0, 'negative': 0}","{'positive': 1, 'negative': 0}","{'positive': 1, 'negative': 0}","{'positive': 0, 'negative': 0}",1,0,1,5,28,La Jefa,4.8,51
99,"{'positive': 7, 'negative': 0}","{'positive': 0, 'negative': 0}","{'positive': 1, 'negative': 0}","{'positive': 1, 'negative': 0}","{'positive': 1, 'negative': 4}","{'positive': 2, 'negative': 0}","{'positive': 0, 'negative': 0}",3,3,4,19,59,99,4.6,887
Testal,"{'positive': 8, 'negative': 0}","{'positive': 0, 'negative': 0}","{'positive': 2, 'negative': 0}","{'positive': 3, 'negative': 0}","{'positive': 0, 'negative': 1}","{'positive': 3, 'negative': 0}","{'positive': 0, 'negative': 0}",1,1,2,19,86,Testal,4.5,1658
EL POZOLE DE LA VECINA,"{'positive': 3, 'negative': 0}","{'positive': 0, 'negative': 0}","{'positive': 1, 'negative': 0}","{'positive': 0, 'negative': 0}","{'positive': 0, 'negative': 1}","{'positive': 1, 'negative': 0}","{'positive': 0, 'negative': 0}",1,1,1,7,35,EL POZOLE DE LA VECINA,4.6,96
Taquería ''Los Taquitos'',"{'positive': 3, 'negative': 0}","{'positive': 0, 'negative': 0}","{'positive': 5, 'negative': 0}","{'positive': 0, 'negative': 0}","{'positive': 1, 'negative': 0}","{'positive': 5, 'negative': 0}","{'positive': 0, 'negative': 0}",0,1,5,13,58,Taquería ''Los Taquitos'',4.5,764
"Restaurante ""Mi Morenita""","{'positive': 17, 'negative': 0}","{'positive': 0, 'negative': 0}","{'positive': 0, 'negative': 3}","{'positive': 3, 'negative': 0}","{'positive': 0, 'negative': 1}","{'positive': 4, 'negative': 0}","{'positive': 0, 'negative': 0}",2,1,5,13,73,"Restaurante ""Mi Morenita""",4.6,277
"Comida Mexicana ""Las Cazuelitas""","{'positive': 0, 'negative': 0}","{'positive': 0, 'negative': 0}","{'positive': 0, 'negative': 0}","{'positive': 0, 'negative': 0}","{'positive': 0, 'negative': 0}","{'positive': 1, 'negative': 0}","{'positive': 0, 'negative': 0}",0,1,1,3,13,"Comida Mexicana ""Las Cazuelitas""",4.7,35
La Casa del Abuelo (Desayunos),"{'positive': 0, 'negative': 0}","{'positive': 0, 'negative': 0}","{'positive': 0, 'negative': 0}","{'positive': 0, 'negative': 0}","{'positive': 0, 'negative': 0}","{'positive': 0, 'negative': 0}","{'positive': 0, 'negative': 0}",0,0,0,0,11,La Casa del Abuelo (Desayunos),4.5,36
"Pozoleria ""Linda""","{'positive': 3, 'negative': 0}","{'positive': 0, 'negative': 0}","{'positive': 1, 'negative': 0}","{'positive': 0, 'negative': 0}","{'positive': 0, 'negative': 0}","{'positive': 1, 'negative': 0}","{'positive': 0, 'negative': 0}",0,3,5,13,46,"Pozoleria ""Linda""",4.3,264
La Capital,"{'positive': 5, 'negative': 0}","{'positive': 0, 'negative': 0}","{'positive': 0, 'negative': 3}","{'positive': 2, 'negative': 0}","{'positive': 1, 'negative': 3}","{'positive': 2, 'negative': 0}","{'positive': 0, 'negative': 0}",4,1,9,13,69,La Capital,4.5,1515
Lonchería Don Pepe,"{'positive': 5, 'negative': 0}","{'positive': 0, 'negative': 0}","{'positive': 3, 'negative': 0}","{'positive': 0, 'negative': 0}","{'positive': 0, 'negative': 0}","{'positive': 3, 'negative': 1}","{'positive': 0, 'negative': 0}",4,2,6,17,59,Lonchería Don Pepe,4.5,453
El Cardenal Alameda,"{'positive': 12, 'negative': 0}","{'positive': 0, 'negative': 0}","{'positive': 2, 'negative': 1}","{'positive': 2, 'negative': 0}","{'positive': 0, 'negative': 2}","{'positive': 4, 'negative': 0}","{'positive': 0, 'negative': 0}",2,0,6,9,84,El Cardenal Alameda,4.7,5972
Alberto's,"{'positive': 5, 'negative': 0}","{'positive': 0, 'negative': 0}","{'positive': 1, 'negative': 1}","{'positive': 1, 'negative': 0}","{'positive': 0, 'negative': 1}","{'positive': 1, 'negative': 0}","{'positive': 0, 'negative': 0}",2,0,8,19,63,Alberto's,4.5,954
ANTOJITOS MEXICANOS ADELA,"{'positive': 2, 'negative': 0}","{'positive': 0, 'negative': 0}","{'positive': 0, 'negative': 0}","{'positive': 0, 'negative': 0}","{'positive': 1, 'negative': 1}","{'positive': 1, 'negative': 0}","{'positive': 0, 'negative': 0}",0,0,1,9,22,ANTOJITOS MEXICANOS ADELA,4.6,61
El Yute,"{'positive': 2, 'negative': 0}","{'positive': 0, 'negative': 0}","{'positive': 0, 'negative': 0}","{'positive': 0, 'negative': 0}","{'positive': 0, 'negative': 0}","{'positive': 2, 'negative': 0}","{'positive': 0, 'negative': 0}",0,1,4,7,29,El Yute,4.6,78
San Ángel Inn,"{'positive': 8, 'negative': 0}","{'positive': 1, 'negative': 0}","{'positive': 2, 'negative': 1}","{'positive': 2, 'negative': 0}","{'positive': 0, 'negative': 2}","{'positive': 3, 'negative': 0}","{'positive': 0, 'negative': 0}",0,2,6,13,76,San Ángel Inn,4.7,5941
Guzina Oaxaca,"{'positive': 6, 'negative': 0}","{'positive': 1, 'negative': 0}","{'positive': 3, 'negative': 1}","{'positive': 2, 'negative': 1}","{'positive': 1, 'negative': 2}","{'positive': 0, 'negative': 0}","{'positive': 0, 'negative': 0}",2,3,7,11,79,Guzina Oaxaca,4.5,987
Los Pumpos,"{'positive': 13, 'negative': 0}","{'positive': 0, 'negative': 0}","{'positive': 4, 'negative': 1}","{'positive': 1, 'negative': 0}","{'positive': 3, 'negative': 1}","{'positive': 3, 'negative': 0}","{'positive': 0, 'negative': 0}",2,3,0,25,83,Los Pumpos,4.5,764
El Itakate,"{'positive': 5, 'negative': 0}","{'positive': 0, 'negative': 0}","{'positive': 3, 'negative': 2}","{'positive': 1, 'negative': 0}","{'positive': 1, 'negative': 1}","{'positive': 2, 'negative': 0}","{'positive': 0, 'negative': 0}",2,2,6,23,52,El Itakate,4.5,326
Fonda Mexicana EL SAUCE,"{'positive': 0, 'negative': 0}","{'positive': 0, 'negative': 0}","{'positive': 1, 'negative': 0}","{'positive': 1, 'negative': 0}","{'positive': 0, 'negative': 2}","{'positive': 3, 'negative': 0}","{'positive': 0, 'negative': 0}",0,0,2,7,25,Fonda Mexicana EL SAUCE,4.6,70
Pujol,"{'positive': 7, 'negative': 1}","{'positive': 0, 'negative': 0}","{'positive': 0, 'negative': 1}","{'positive': 1, 'negative': 1}","{'positive': 0, 'negative': 1}","{'positive': 1, 'negative': 0}","{'positive': 0, 'negative': 0}",22,4,3,5,71,Pujol,4.6,3173
Palominos,"{'positive': 8, 'negative': 0}","{'positive': 0, 'negative': 0}","{'positive': 1, 'negative': 3}","{'positive': 2, 'negative': 0}","{'positive': 1, 'negative': 1}","{'positive': 0, 'negative': 0}","{'positive': 0, 'negative': 0}",3,2,4,16,65,Palominos,4.5,1795
Restaurante Tierra Linda,"{'positive': 14, 'negative': 0}","{'positive': 0, 'negative': 0}","{'positive': 0, 'negative': 0}","{'positive': 1, 'negative': 0}","{'positive': 0, 'negative': 4}","{'positive': 2, 'negative': 0}","{'positive': 0, 'negative': 0}",1,0,5,15,62,Restaurante Tierra Linda,4.6,854
EL ASADOR TAQUERIA,"{'positive': 1, 'negative': 0}","{'positive': 0, 'negative': 0}","{'positive': 0, 'negative': 0}","{'positive': 2, 'negative': 0}","{'positive': 0, 'negative': 0}","{'positive': 4, 'negative': 0}","{'positive': 0, 'negative': 0}",4,2,2,17,28,EL ASADOR TAQUERIA,4.3,309
Rincón de mi Tierra,"{'positive': 9, 'negative': 0}","{'positive': 0, 'negative': 0}","{'positive': 3, 'negative': 6}","{'positive': 1, 'negative': 0}","{'positive': 1, 'negative': 1}","{'positive': 3, 'negative': 0}","{'positive': 0, 'negative': 0}",1,3,6,15,65,Rincón de mi Tierra,4.6,156
Dulce Patria,"{'positive': 6, 'negative': 0}","{'positive': 0, 'negative': 0}","{'positive': 1, 'negative': 0}","{'positive': 0, 'negative': 1}","{'positive': 1, 'negative': 7}","{'positive': 0, 'negative': 0}","{'positive': 0, 'negative': 0}",1,4,5,20,59,Dulce Patria,4.5,1418
Mercado de San Juan,"{'positive': 2, 'negative': 0}","{'positive': 0, 'negative': 0}","{'positive': 0, 'negative': 0}","{'positive': 0, 'negative': 0}","{'positive': 0, 'negative': 2}","{'positive': 2, 'negative': 1}","{'positive': 0, 'negative': 0}",1,1,6,17,64,Mercado de San Juan,4.5,10936
Rica Pancita Anita,"{'positive': 4, 'negative': 0}","{'positive': 0, 'negative': 0}","{'positive': 2, 'negative': 0}","{'positive': 0, 'negative': 0}","{'positive': 1, 'negative': 2}","{'positive': 2, 'negative': 0}","{'positive': 0, 'negative': 0}",0,1,6,20,86,Rica Pancita Anita,4.6,591
Birria 3 Estrellas,"{'positive': 7, 'negative': 0}","{'positive': 0, 'negative': 0}","{'positive': 3, 'negative': 0}","{'positive': 0, 'negative': 0}","{'positive': 0, 'negative': 1}","{'positive': 3, 'negative': 0}","{'positive': 0, 'negative': 1}",1,1,2,19,60,Birria 3 Estrellas,4.5,649
Las Delicias De Jalisco,"{'positive': 6, 'negative': 0}","{'positive': 0, 'negative': 0}","{'positive': 1, 'negative': 0}","{'positive': 0, 'negative': 0}","{'positive': 0, 'negative': 2}","{'positive': 3, 'negative': 1}","{'positive': 0, 'negative': 0}",1,5,5,14,72,Las Delicias De Jalisco,4.5,730
La Hacienda de los Morales,"{'positive': 4, 'negative': 1}","{'positive': 0, 'negative': 0}","{'positive': 4, 'negative': 0}","{'positive': 1, 'negative': 0}","{'positive': 0, 'negative': 0}","{'positive': 2, 'negative': 0}","{'positive': 0, 'negative': 0}",2,1,1,12,56,La Hacienda de los Morales,4.6,11068
Quereres,"{'positive': 5, 'negative': 0}","{'positive': 0, 'negative': 0}","{'positive': 1, 'negative': 0}","{'positive': 0, 'negative': 0}","{'positive': 1, 'negative': 0}","{'positive': 0, 'negative': 0}","{'positive': 0, 'negative': 0}",0,0,0,4,30,Quereres,4.9,50
Chapulín,"{'positive': 12, 'negative': 0}","{'positive': 0, 'negative': 0}","{'positive': 4, 'negative': 0}","{'positive': 2, 'negative': 0}","{'positive': 0, 'negative': 5}","{'positive': 1, 'negative': 0}","{'positive': 0, 'negative': 0}",2,6,10,13,55,Chapulín,4.6,1012
La Pizca Comida Mexicana & Gourmet,"{'positive': 8, 'negative': 0}","{'positive': 0, 'negative': 0}","{'positive': 0, 'negative': 0}","{'positive': 1, 'negative': 0}","{'positive': 1, 'negative': 5}","{'positive': 6, 'negative': 0}","{'positive': 0, 'negative': 0}",3,1,5,26,59,La Pizca Comida Mexicana & Gourmet,4.6,193
Huaraches 5 de Mayo,"{'positive': 11, 'negative': 0}","{'positive': 0, 'negative': 0}","{'positive': 3, 'negative': 0}","{'positive': 0, 'negative': 0}","{'positive': 0, 'negative': 2}","{'positive': 6, 'negative': 2}","{'positive': 0, 'negative': 0}",5,0,2,16,64,Huaraches 5 de Mayo,4.6,1194
Sylvestre Artz,"{'positive': 8, 'negative': 0}","{'positive': 0, 'negative': 0}","{'positive': 1, 'negative': 0}","{'positive': 3, 'negative': 0}","{'positive': 0, 'negative': 1}","{'positive': 2, 'negative': 0}","{'positive': 0, 'negative': 0}",2,1,3,21,64,Sylvestre Artz,4.7,253
Mercado de Sonora,"{'positive': 0, 'negative': 0}","{'positive': 0, 'negative': 0}","{'positive': 0, 'negative': 0}","{'positive': 0, 'negative': 0}","{'positive': 0, 'negative': 0}","{'positive': 0, 'negative': 0}","{'positive': 0, 'negative': 0}",4,5,8,22,41,Mercado de Sonora,4.2,56676
Tortas El Volcan,"{'positive': 2, 'negative': 0}","{'positive': 0, 'negative': 0}","{'positive': 1, 'negative': 0}","{'positive': 0, 'negative': 0}","{'positive': 0, 'negative': 1}","{'positive': 1, 'negative': 0}","{'positive': 0, 'negative': 0}",0,1,2,4,25,Tortas El Volcan,4.6,57
Birria Estilo Jalisco - Food Stand,"{'positive': 1, 'negative': 0}","{'positive': 0, 'negative': 0}","{'positive': 1, 'negative': 0}","{'positive': 0, 'negative': 0}","{'positive': 0, 'negative': 0}","{'positive': 0, 'negative': 0}","{'positive': 0, 'negative': 0}",1,1,2,3,34,Birria Estilo Jalisco - Food Stand,4.6,79
Las Enchiladas del Parque,"{'positive': 7, 'negative': 0}","{'positive': 0, 'negative': 0}","{'positive': 4, 'negative': 1}","{'positive': 4, 'negative': 0}","{'positive': 0, 'negative': 0}","{'positive': 0, 'negative': 0}","{'positive': 0, 'negative': 0}",3,2,5,13,69,Las Enchiladas del Parque,4.5,278
"A darle, que es taco vegano","{'positive': 12, 'negative': 0}","{'positive': 0, 'negative': 0}","{'positive': 1, 'negative': 1}","{'positive': 0, 'negative': 0}","{'positive': 0, 'negative': 3}","{'positive': 0, 'negative': 0}","{'positive': 0, 'negative': 0}",3,2,10,13,62,"A darle, que es taco vegano",4.6,365
Pepe Coyotes Coyoacán,"{'positive': 10, 'negative': 0}","{'positive': 0, 'negative': 0}","{'positive': 3, 'negative': 0}","{'positive': 0, 'negative': 0}","{'positive': 1, 'negative': 3}","{'positive': 1, 'negative': 0}","{'positive': 0, 'negative': 0}",0,1,5,15,69,Pepe Coyotes Coyoacán,4.5,4029
La Tecla,"{'positive': 9, 'negative': 0}","{'positive': 0, 'negative': 1}","{'positive': 1, 'negative': 0}","{'positive': 4, 'negative': 1}","{'positive': 3, 'negative': 1}","{'positive': 2, 'negative': 0}","{'positive': 0, 'negative': 0}",0,4,2,15,81,La Tecla,4.5,534
Mercado Roma,"{'positive': 2, 'negative': 0}","{'positive': 2, 'negative': 0}","{'positive': 0, 'negative': 0}","{'positive': 1, 'negative': 0}","{'positive': 0, 'negative': 1}","{'positive': 1, 'negative': 1}","{'positive': 0, 'negative': 0}",1,5,7,12,55,Mercado Roma,4.3,11317
MercadoRoma Coyoacán,"{'positive': 1, 'negative': 0}","{'positive': 0, 'negative': 0}","{'positive': 1, 'negative': 1}","{'positive': 3, 'negative': 0}","{'positive': 1, 'negative': 3}","{'positive': 2, 'negative': 0}","{'positive': 0, 'negative': 0}",3,2,5,19,47,MercadoRoma Coyoacán,4.3,1988
El Pialadero de Guadalajara,"{'positive': 10, 'negative': 2}","{'positive': 0, 'negative': 0}","{'positive': 4, 'negative': 0}","{'positive': 1, 'negative': 0}","{'positive': 1, 'negative': 2}","{'positive': 1, 'negative': 0}","{'positive': 0, 'negative': 0}",3,2,7,20,58,El Pialadero de Guadalajara,4.3,3171
